4294967279,121
4294967279,120
4294967279,119
4294967279,118
4294967279,117
4294967279,116
4243767290,0
4294967278,5
4294967278,4
4294967279,132
4294967279,131
4294967279,130
4294967279,129
4294967279,128
4294967279,127
4294967279,126
4294967279,125
4294967279,124
4294967279,123
4294967279,122
4294967278,221
4294967278,218
4294967278,216
4294967278,24
4294967278,23
4294967278,22
4294967278,21
4294967278,20
4294967278,19
4294967278,18
4294967278,17
4294967278,16
4294967278,15
4294967278,14
4294967278,13
4294967278,12
4294967278,11
4294967278,10
4294967278,9
4294967278,8
4294967278,7
4294967278,6
4294967278,214
4294967278,213
4294967278,212
4294967278,211
4294967294,1417
4243767290,3
4243767290,2
4294967294,18
4294967294,14
4294967294,126
4294967294,20
4294967294,13
4294967279,319
4294967278,312
4294967279,318
4294967278,311
4294967279,317
4294967278,206
4294967294,38
4294967294,37
4294967294,120
4294967294,187
4294967278,205
4294967278,310
4294967279,316
4294967278,204
4294967278,202
16,5
4294967278,201
16,4
16,3
16,2
16,1
4294967279,315
4294967278,200
4294967294,40
4294967278,198
15,5
4294967278,197
15,4
15,3
15,2
15,1
4294967279,314
4294967278,196
4294967294,1423
4294967294,392
4294967294,115
4294967294,390
4294967294,1421
4294967278,195
4294967278,194
4294967278,193
4294967278,309
4294967278,36
4294967278,35
4294967278,34
4294967278,33
4294967278,32
4294967278,31
4294967278,30
4294967278,29
4294967278,28
4294967278,27
4294967278,26
4294967278,25
4294967279,25
4294967279,24
4294967279,23
4294967279,22
4294967279,21
4294967279,20
4294967279,18
4294967279,16
4294967279,14
4294967279,13
4294967279,12
4294967279,11
4294967294,1420
4294967294,954
4294967294,1419
4294967278,192
4294967278,191
13,4
4294967278,190
13,3
13,2
13,1
4294967278,308
4294967278,189
4294967294,402
4294967294,190
4294967294,162
4294967278,188
4294967278,187
4294967278,186
12,4
12,3
12,2
12,1
4294967279,313
4294967278,185
4294967278,184
4294967279,312
4294967294,69
4294967294,964
4294967294,960
4294967294,921
4294967294,170
4294967294,185
4294967294,387
4294967294,388
4294967294,46
4294967294,89
4294967278,307
4294967278,182
4294967278,306
4294967279,311
4294967294,61
4294967294,31
4294967278,181
11,4
4294967278,180
11,3
11,2
11,1
4294967278,305
0,7
4294967278,179
4294967279,310
4294967294,905
4294967294,29
4294967294,955
4294967278,304
4294967278,177
4294967278,303
4294967279,309
4294967294,41
4294967279,308
4294967278,302
4294967278,175
4294967278,301
4294967279,307
4294967294,43
4294967294,440
4294967294,44
4294967279,306
4294967294,76
4294967294,45
4294967294,51
4294967278,300
4294967278,172
4294967278,299
4294967279,305
4294967279,304
4294967294,470
4294967294,2
4294967294,52
4294967294,84
4294967294,82
4294967294,96
4294967294,94
4294967278,298
4294967278,170
4294967294,8
4294967278,297
4294967279,303
4294967294,83
4294967278,169
4294967294,91
4294967294,90
4294967294,87
4294967294,86
4294967294,1
4294967294,909
4294967294,186
4294967294,0
4294967278,168
4294967294,9
4294967294,107
4294967278,167
4294967294,85
4294967294,419
4294967294,923
4294967294,28
4294967294,53
4294967294,393
4294967278,296
4294967279,302
4294967278,295
4294967278,260
4294967278,0
4294967294,93
4294967294,95
4294967294,127
4294967294,19
4294967294,92
4294967294,88
4294967294,11
4294967294,50
4294967294,7
4294967294,22
4294967294,970
4294967279,301
4294967279,260
4294967279,0
4294967294,5
4294967278,164
4294967278,132
4294967278,131
4294967278,130
4294967278,129
4294967278,128
4294967278,127
4294967278,126
4294967278,125
4294967278,124
4294967278,123
4294967278,122
4294967278,121
4294967278,120
4294967278,119
4294967278,118
4294967278,117
4294967278,116
4294967278,115
4294967278,114
4294967278,113
4294967278,112
4294967278,111
4294967278,110
4294967278,109
4294967278,108
4294967278,107
4294967278,106
4294967278,105
4294967278,104
4294967278,103
4294967278,102
4294967278,101
4294967278,100
4294967278,99
4294967278,98
4294967278,97
4294967278,96
4294967278,95
4294967278,94
4294967278,93
